num_layers:4
parameter:0
dims:['9', '8']
name:coefficient
values:[4.485004762391437, 0.7937380313502955, -0.0029720243140145164, 0.5838500562570774, 1.7414813063656922, 3.2403976610554555, -1.3758485142886299, 1.0831914427923626, 2.7680747617023114, -0.9597187410145792, -0.3162650789438976, -7.31519224720842, 1.1796735028766303, 0.8292618422846947, -5.42223914653734, -6.255052103032641, -5.741940334600564, -3.1350812631169536, 5.124469629973646, -1.9774907749269166, 2.949076797103438, 3.755372599569191, 1.356598332414173, 4.0942173409144935, 1.68347579249052, 0.776577557317609, -0.5625561919074289, -3.589199131395657, -2.9737012022808615, -1.838313340696445, 8.110010543628794, 2.6421201239685113, -0.9486012473995681, 0.24094921131003477, -4.162171901231346, 1.6897166899279537, 0.10853391913041709, 0.830625365368278, -5.957312116044543, -8.58672230155422, -1.2639654004008387, -9.132085464968172, 0.7212552646273043, -1.2464074228279791, -1.5703624152598123, -8.591124897839968, -2.077315511980969, -9.230298599470002, 6.693875559075284, 5.093871967245737, 7.304431845888515, -1.0428976234465361, 0.08814825598990196, 1.552070262903858, 3.251696808369704, 1.3019539934291613, 3.7617940790957665, -7.595049387506066, -1.4478874748727366, 7.6932521981735, -6.732322533349306, -2.7507773923924734, -2.1079349595156285, 7.647984772592726, -7.193596536875668, -0.3471798470948565, 2.5898482715225772, -0.7005906577578899, 1.7986592811330753, 3.8901145738961502, -0.7853009888254256, -1.360755118312314]
parameter:0
dims:['1', '8']
name:intercepts
values:[-0.6982858709618917, 3.3853548406875134, 5.8269446977656765, 1.1481486468289386, 2.4513358749070036, 3.894097468215763, 0.5805287325471306, 0.1310577892518341]
parameter:1
dims:['8', '7']
name:coefficient1
values:[-0.11747996280350588, 2.640036783030477, 2.8851034363578063, -4.292214314289528, 2.7672035685687346, 16.762532040131035, -1.7922387703392841, -2.4030288780565954, 9.231526697680886, 1.918919265208739, -8.573881800791442, 5.8243182854311994, 3.4129982818352445, 5.00896978955572, 0.2345307561195206, 0.771978527591969, -3.470881090746052, -2.5599568020341232, -4.772878444496303, -3.791510185698657, 2.6074997310318913, 2.567729664145092, -5.5305326610342025, -5.511708785403376, 4.722209009831819, -0.36622123721719085, -4.732772648393745, 5.495322240381988, -0.7172442758775115, 6.137855297234578, -1.8764851666602411, -6.385400388179088, -2.3254698129946547, -0.06075651580806319, -0.4125846588149121, 5.641185838647402, 10.923565734140768, -2.51817092169969, -3.3393774348084673, -8.578497224727197, -2.659676434992094, -2.946625662335093, -0.0347749393761271, 2.6815965667906725, 3.839240765214282, -0.6275908965832024, 3.78639458278495, 4.49262056859145, -5.4866806324172686, -0.47511462800775917, -1.8375672087434967, 3.105302081438232, -6.319766470622027, -7.050869972455512, 5.721637387852025, -1.733698055903357]
parameter:1
dims:['1', '7']
name:intercepts1
values:[-4.463603395432221, -1.9349016388237819, -1.4370314058142417, 2.142320816196567, 3.401940207117033, -1.7760383938439508, 1.5913148237713646]
parameter:2
dims:['7', '4']
name:coefficient2
values:[1.0904352634973, -7.1367496305824805, -2.7888345545483118, 5.488463809690207, 2.011779533278084, -2.556085418829557, -5.888783873937993, 2.1073575027801463, 3.0393407482897863, -6.96038814017302, -0.3771445397819609, 3.0839353546852952, -7.265935153912097, -5.45041709228712, 5.566832286491797, -2.391156054836842, 6.064567370804764, -7.9067523722207, 2.910304215635877, -6.696483066584263, -1.6262447221112477, 6.826898212487527, -5.038031002379203, -6.027762314825397, -2.4520979701530488, 5.750505018174388, -0.3684772418462587, -4.295826076212196]
parameter:2
dims:['1', '4']
name:intercepts2
values:[-1.9426243481255892, -1.3589491274497503, -0.4534788251444965, 0.2830044667198367]
